28
1709888040 2003526291
139536163 1564850040
1437560712 1489639193
1071819794 1265673202
1330410473 552664766
722484439 1089477473
1184607040 93222882
105320851 829631038
1295986254 134976557
239536497 1174480004
1190854395 2019922757
318027299 1422934792
1961771469 1002184236
102112066 1954626492
584736068 1012750220
1560432499 81865582
822447939 709685901
1527855927 152463903
164081161 1746497492
1461393702 1103697536
236650332 1746145963
1301859064 709168044
802482456 506760328
609545723 1862772030
528723218 211858790
377474575 1248822819
140967725 527605348
1970458960 265646588