20
970066202977562212558683426760773016559904631977220423547980211057068777324159443678590358026859129109599109446646966713225742014317926940054191330
13582369791278266616906284494806735565776939502107183075612628409034209452901850178519363189834336113240870247715060398192490855
26099748102093884802012313146549
818706854228831001753880637535093596811413714795418360007
105329955223425693626361637911416227912198933629226946103020279889117725154960205237795007418050283828402747261891594496311005226452145856729686166471138784293763991913527600653839142833
15635695580168194910579363790217849593217
8
51680708854858323072
72723460248141
2140935670430744807574135096594352867870326513691554414255291365439899896195338574650391023831983407002010606771661694359511889901760895623747987191521
805587367387474993557712643417250666635155463347703764181824844653814375958479581952978891769754733107167209
332825110087067562321196029789634457848
2208691639813237951345054815528123559888926654875983118185464351044729098274334257901507380795280765552825035054785108733612886260798103440264
13180872826374098837632191485015125807374171
322243767409511377996442898124980028146053329132633699011731476979859617917967681246287845081939810156089965167294206284633082153797620891457
376133299598777812700379898628680370023318308727344486102389483621554703181438703145226910973812459072158321495558494851173542760823145862033161010191714178638551372998552842804166807985803
2315700212878644019141884587055058551781936851295739770295042651311250305217930509
178890334785183168257455287891792
1836311903
74852416689513581914218640394029625042908640701722712256659178051380608581260960849559158401536613423078878547695333196930635547927006865247089657327556475114995900155941363699681600253262210